tf/DeepDTA/DAVIS/pruningweightsharing/
pruning = ['30', '40', '50', '60', '70', '80', '80', '80', '80', '80', '80', '80', '80', '80', '80', '80', '80', '80', '80', '80', '80', '80', '80', '80', '80', '80', '80', '80', '80', '80', '80', '80', '80', '80', '80', '80', '80', '80', '80', '80', '80', '80', '80', '80', '80', '80', '80', '80', '80', '80', '80', '80', '80', '80', '80', '80', '80', '80', '80', '90', '95', '96', '97', '98', '99']
clusters = ['[128, 2, 128, 2]', '[128, 2, 128, 2]', '[128, 2, 128, 2]', '[128, 2, 128, 2]', '[128, 2, 128, 2]', '[128, 128, 128, 2]', '[128, 128, 128, 32]', '[128, 128, 2, 2]', '[128, 128, 2, 32]', '[128, 128, 32, 2]', '[128, 128, 32, 32]', '[128, 2, 128, 2]', '[128, 2, 128, 32]', '[128, 2, 2, 2]', '[128, 2, 2, 32]', '[128, 2, 32, 2]', '[128, 2, 32, 32]', '[128, 32, 128, 2]', '[128, 32, 128, 32]', '[128, 32, 2, 2]', '[128, 32, 2, 32]', '[128, 32, 32, 2]', '[128, 32, 32, 32]', '[2, 128, 128, 2]', '[2, 128, 128, 32]', '[2, 128, 2, 2]', '[2, 128, 2, 32]', '[2, 128, 32, 2]', '[2, 128, 32, 32]', '[2, 2, 128, 2]', '[2, 2, 128, 32]', '[2, 2, 2, 2]', '[2, 2, 2, 32]', '[2, 2, 32, 2]', '[2, 2, 32, 32]', '[2, 32, 128, 2]', '[2, 32, 128, 32]', '[2, 32, 2, 2]', '[2, 32, 2, 32]', '[2, 32, 32, 2]', '[2, 32, 32, 32]', '[32, 128, 128, 2]', '[32, 128, 128, 32]', '[32, 128, 2, 2]', '[32, 128, 2, 32]', '[32, 128, 32, 2]', '[32, 128, 32, 32]', '[32, 2, 128, 2]', '[32, 2, 128, 32]', '[32, 2, 2, 2]', '[32, 2, 2, 32]', '[32, 2, 32, 2]', '[32, 2, 32, 32]', '[32, 32, 128, 2]', '[32, 32, 128, 32]', '[32, 32, 2, 2]', '[32, 32, 2, 32]', '[32, 32, 32, 2]', '[32, 32, 32, 32]', '[128, 2, 128, 2]', '[128, 2, 128, 2]', '[128, 2, 128, 2]', '[128, 2, 128, 2]', '[128, 2, 128, 2]', '[128, 2, 128, 2]']
unique = [[128, 3, 128, 3], [128, 3, 128, 3], [128, 3, 128, 3], [128, 3, 128, 3], [46, 3, 40, 3], [33, 30, 24, 3], [33, 30, 24, 11], [33, 30, 3, 3], [33, 30, 3, 11], [33, 30, 16, 3], [33, 30, 16, 11], [33, 3, 24, 3], [33, 3, 24, 11], [33, 3, 3, 3], [33, 3, 3, 11], [33, 3, 16, 3], [33, 3, 16, 11], [33, 14, 24, 3], [33, 14, 24, 11], [33, 14, 3, 3], [33, 14, 3, 11], [33, 14, 16, 3], [33, 14, 16, 11], [3, 30, 24, 3], [3, 30, 24, 11], [3, 30, 3, 3], [3, 30, 3, 11], [3, 30, 16, 3], [3, 30, 16, 11], [3, 3, 24, 3], [3, 3, 24, 11], [3, 3, 3, 3], [3, 3, 3, 11], [3, 3, 16, 3], [3, 3, 16, 11], [3, 14, 24, 3], [3, 14, 24, 11], [3, 14, 3, 3], [3, 14, 3, 11], [3, 14, 16, 3], [3, 14, 16, 11], [19, 30, 24, 3], [19, 30, 24, 11], [19, 30, 3, 3], [19, 30, 3, 11], [19, 30, 16, 3], [19, 30, 16, 11], [19, 3, 24, 3], [19, 3, 24, 11], [19, 3, 3, 3], [19, 3, 3, 11], [19, 3, 16, 3], [19, 3, 16, 11], [19, 14, 24, 3], [19, 14, 24, 11], [19, 14, 3, 3], [19, 14, 3, 11], [19, 14, 16, 3], [19, 14, 16, 11], [14, 3, 12, 3], [6, 3, 6, 3], [4, 3, 5, 3], [4, 3, 5, 3], [4, 3, 4, 3], [3, 3, 4, 3]]
diff_acc = [-0.03748, -0.03969, -0.01447, -0.0317, 0.01984, 0.02302, -0.08626, 0.01586, -0.08544, 0.17972, -0.08155, 0.00683, -0.06373, 0.00826, -0.05212, 0.00819, -0.04366, 0.13324, -0.08295, 0.06829, -0.08431, 0.0358, -0.07958, 0.47926, 0.48021, 0.47923, 0.47925, 0.47928, 0.48012, 0.47926, 0.48021, 0.47984, 0.47925, 0.47928, 0.48012, 0.47926, 0.48021, 0.47923, 0.47925, 0.47928, 0.48012, 0.01078, -0.08741, 0.18285, -0.08817, 0.10226, -0.08434, 0.47926, -0.08326, 0.00687, -0.08556, 0.47927, -0.08744, 0.14337, -0.08532, 0.02212, -0.0876, 0.074, -0.08247, 0.47979, 0.47931, 0.47936, 0.47932, 0.47926, 0.47924]
space = [0.206, 0.191, 0.17, 0.148, 0.113, 0.117, 0.117, 0.105, 0.105, 0.115, 0.115, 0.092, 0.092, 0.08, 0.08, 0.09, 0.09, 0.111, 0.111, 0.099, 0.099, 0.109, 0.109, 0.112, 0.112, 0.1, 0.1, 0.11, 0.11, 0.087, 0.087, 0.075, 0.075, 0.085, 0.085, 0.106, 0.106, 0.094, 0.094, 0.104, 0.104, 0.117, 0.117, 0.105, 0.105, 0.115, 0.115, 0.092, 0.092, 0.079, 0.079, 0.09, 0.09, 0.111, 0.111, 0.099, 0.099, 0.109, 0.109, 0.075, 0.067, 0.066, 0.065, 0.064, 0.063]
time = [125, 120, 85, 98, 87, 68, 74, 76, 65, 78, 77, 59, 74, 75, 78, 75, 66, 66, 62, 60, 71, 84, 66, 69, 70, 66, 70, 70, 67, 58, 75, 74, 76, 52, 71, 79, 69, 80, 54, 59, 69, 74, 81, 85, 78, 76, 71, 76, 82, 72, 67, 72, 81, 67, 74, 66, 66, 83, 74, 53, 64, 52, 49, 59, 51]
tf/DeepDTA/KIBA/pruningweightsharing/
pruning = ['30', '40', '50', '60', '60', '60', '60', '60', '60', '60', '60', '60', '60', '60', '60', '60', '60', '60', '60', '60', '60', '60', '60', '60', '60', '60', '60', '60', '60', '60', '60', '60', '60', '60', '60', '60', '60', '60', '60', '60', '60', '60', '60', '60', '60', '60', '60', '60', '60', '60', '60', '60', '60', '60', '60', '60', '60', '70', '80', '90', '95', '96', '97', '98', '99']
clusters = ['[128, 128, 32, 2]', '[128, 128, 32, 2]', '[128, 128, 32, 2]', '[128, 128, 128, 2]', '[128, 128, 128, 32]', '[128, 128, 2, 2]', '[128, 128, 2, 32]', '[128, 128, 32, 2]', '[128, 128, 32, 32]', '[128, 2, 128, 2]', '[128, 2, 128, 32]', '[128, 2, 2, 2]', '[128, 2, 2, 32]', '[128, 2, 32, 2]', '[128, 2, 32, 32]', '[128, 32, 128, 2]', '[128, 32, 128, 32]', '[128, 32, 2, 2]', '[128, 32, 2, 32]', '[128, 32, 32, 2]', '[128, 32, 32, 32]', '[2, 128, 128, 2]', '[2, 128, 128, 32]', '[2, 128, 2, 2]', '[2, 128, 2, 32]', '[2, 128, 32, 2]', '[2, 128, 32, 32]', '[2, 2, 128, 2]', '[2, 2, 128, 32]', '[2, 2, 2, 2]', '[2, 2, 2, 32]', '[2, 2, 32, 2]', '[2, 2, 32, 32]', '[2, 32, 128, 2]', '[2, 32, 128, 32]', '[2, 32, 2, 2]', '[2, 32, 2, 32]', '[2, 32, 32, 2]', '[2, 32, 32, 32]', '[32, 128, 128, 2]', '[32, 128, 128, 32]', '[32, 128, 2, 2]', '[32, 128, 2, 32]', '[32, 128, 32, 2]', '[32, 128, 32, 32]', '[32, 2, 128, 2]', '[32, 2, 128, 32]', '[32, 2, 2, 2]', '[32, 2, 2, 32]', '[32, 2, 32, 2]', '[32, 2, 32, 32]', '[32, 32, 128, 2]', '[32, 32, 128, 32]', '[32, 32, 2, 2]', '[32, 32, 2, 32]', '[32, 32, 32, 2]', '[32, 32, 32, 32]', '[128, 128, 32, 2]', '[128, 128, 32, 2]', '[128, 128, 32, 2]', '[128, 128, 32, 2]', '[128, 128, 32, 2]', '[128, 128, 32, 2]', '[128, 128, 32, 2]', '[128, 128, 32, 2]']
unique = [[128, 128, 32, 3], [128, 128, 32, 3], [128, 128, 32, 3], [128, 128, 128, 3], [128, 128, 128, 32], [128, 128, 3, 3], [128, 128, 3, 32], [128, 128, 32, 3], [128, 128, 32, 32], [128, 3, 128, 3], [128, 3, 128, 32], [128, 3, 3, 3], [128, 3, 3, 32], [128, 3, 32, 3], [128, 3, 32, 32], [128, 32, 128, 3], [128, 32, 128, 32], [128, 32, 3, 3], [128, 32, 3, 32], [128, 32, 32, 3], [128, 32, 32, 32], [3, 128, 128, 3], [3, 128, 128, 32], [3, 128, 3, 3], [3, 128, 3, 32], [3, 128, 32, 3], [3, 128, 32, 32], [3, 3, 128, 3], [3, 3, 128, 32], [3, 3, 3, 3], [3, 3, 3, 32], [3, 3, 32, 3], [3, 3, 32, 32], [3, 32, 128, 3], [3, 32, 128, 32], [3, 32, 3, 3], [3, 32, 3, 32], [3, 32, 32, 3], [3, 32, 32, 32], [32, 128, 128, 3], [32, 128, 128, 32], [32, 128, 3, 3], [32, 128, 3, 32], [32, 128, 32, 3], [32, 128, 32, 32], [32, 3, 128, 3], [32, 3, 128, 32], [32, 3, 3, 3], [32, 3, 3, 32], [32, 3, 32, 3], [32, 3, 32, 32], [32, 32, 128, 3], [32, 32, 128, 32], [32, 32, 3, 3], [32, 32, 3, 32], [32, 32, 32, 3], [32, 32, 32, 32], [39, 37, 27, 3], [30, 25, 17, 3], [17, 15, 8, 3], [12, 8, 4, 3], [10, 8, 3, 3], [6, 7, 3, 3], [5, 5, 3, 3], [3, 3, 3, 3]]
diff_acc = [-0.01118, 0.07649, 0.08368, -0.00036, -0.00069, 0.00687, -0.00814, -0.00433, -0.00143, -0.00051, 0.09748, 0.00421, 0.00411, 0.00065, 0.03611, -0.00226, -0.0013, 0.00364, -0.00816, -0.00072, 0.00111, 0.14664, 0.119, 0.01405, 0.15274, 0.14024, 0.14945, 0.11762, 0.14001, 0.01459, 0.11189, 0.10022, 0.16344, 0.1248, 0.13089, 0.00915, 0.13367, 0.13565, 0.1338, -0.00328, -0.00144, 0.00172, -0.00893, -0.00195, 0.00101, 3e-05, 0.10083, 0.00446, 0.0053, -0.00167, 0.04466, -0.00363, -0.00036, 0.00354, -0.00694, -0.0004, 0.0005, 1.26253, 0.16304, 0.11963, 0.50408, 0.50408, 0.50408, 0.50408, 0.50408]
space = [0.33, 0.3, 0.261, 0.238, 0.238, 0.193, 0.193, 0.222, 0.222, 0.15, 0.15, 0.105, 0.105, 0.134, 0.134, 0.207, 0.207, 0.162, 0.162, 0.191, 0.191, 0.22, 0.221, 0.176, 0.176, 0.204, 0.205, 0.132, 0.133, 0.088, 0.088, 0.116, 0.117, 0.189, 0.19, 0.144, 0.145, 0.173, 0.174, 0.231, 0.232, 0.186, 0.187, 0.215, 0.215, 0.143, 0.143, 0.098, 0.099, 0.127, 0.127, 0.2, 0.2, 0.155, 0.156, 0.184, 0.184, 0.153, 0.116, 0.084, 0.07, 0.068, 0.066, 0.064, 0.063]
time = [95, 78, 72, 80, 58, 56, 57, 62, 57, 74, 73, 51, 55, 62, 56, 75, 67, 65, 63, 70, 66, 70, 59, 61, 56, 78, 62, 76, 63, 74, 62, 79, 71, 60, 72, 64, 58, 63, 73, 57, 64, 61, 73, 71, 76, 84, 70, 61, 59, 67, 70, 79, 75, 84, 70, 82, 65, 63, 56, 29, 25, 25, 24, 22, 23]
