tf/LeNet-MNIST-linkDM/weightsharing/
clusters = ['[1024, 128]', '[1024, 2]', '[1024, 32]', '[128, 128]', '[128, 2]', '[128, 32]', '[2, 128]', '[2, 2]', '[2, 32]', '[32, 128]', '[32, 2]', '[32, 32]']
unique = [[1024, 128], [1024, 2], [1024, 32], [128, 128], [128, 2], [128, 32], [2, 128], [2, 2], [2, 32], [32, 128], [32, 2], [32, 32]]
diff_acc = [0.0014, -0.0018, 0.0016, 0.0015, -0.0009, 0.0016, -0.006, -0.014, -0.006, 0.0013, -0.0014, 0.0016]
space = [0.638, 0.636, 0.637, 0.439, 0.437, 0.438, 0.065, 0.063, 0.064, 0.314, 0.311, 0.313]
time = [211, 206, 215, 206, 156, 155, 201, 198, 200, 210, 205, 207]
tf/LeNet-CIFAR10/weightsharing/
clusters = ['[1024, 1024, 2]', '[1024, 1024, 32]', '[1024, 128, 2]', '[1024, 128, 32]', '[1024, 2, 2]', '[1024, 2, 32]', '[1024, 32, 2]', '[1024, 32, 32]', '[128, 1024, 2]', '[128, 1024, 32]', '[128, 128, 2]', '[128, 128, 32]', '[128, 2, 2]', '[128, 2, 32]', '[128, 32, 2]', '[128, 32, 32]', '[2, 1024, 2]', '[2, 1024, 32]', '[2, 128, 2]', '[2, 128, 32]', '[2, 2, 2]', '[2, 2, 32]', '[2, 32, 2]', '[2, 32, 32]', '[32, 1024, 2]', '[32, 1024, 32]', '[32, 128, 2]', '[32, 128, 32]', '[32, 2, 2]', '[32, 2, 32]', '[32, 32, 2]', '[32, 32, 32]']
unique = [[1024, 1024, 2], [1024, 1024, 32], [1024, 128, 2], [1024, 128, 32], [1024, 2, 2], [1024, 2, 32], [1024, 32, 2], [1024, 32, 32], [128, 1024, 2], [128, 1024, 32], [128, 128, 2], [128, 128, 32], [128, 2, 2], [128, 2, 32], [128, 32, 2], [128, 32, 32], [2, 1024, 2], [2, 1024, 32], [2, 128, 2], [2, 128, 32], [2, 2, 2], [2, 2, 32], [2, 32, 2], [2, 32, 32], [32, 1024, 2], [32, 1024, 32], [32, 128, 2], [32, 128, 32], [32, 2, 2], [32, 2, 32], [32, 32, 2], [32, 32, 32]]
diff_acc = [-0.0417, 0.0176, -0.0435, 0.0177, -0.13, -0.0553, -0.0454, 0.018, -0.0425, 0.0176, -0.0427, 0.0176, -0.1305, -0.0552, -0.0433, 0.0171, -0.172, -0.115, -0.1638, -0.1159, -0.2476, -0.1892, -0.1633, -0.1104, -0.046, 0.0164, -0.0406, 0.0166, -0.131, -0.0544, -0.0471, 0.0136]
space = [1.201, 1.21, 0.902, 0.911, 0.811, 0.82, 0.858, 0.867, 0.781, 0.79, 0.482, 0.491, 0.39, 0.399, 0.437, 0.446, 0.454, 0.463, 0.155, 0.164, 0.063, 0.072, 0.11, 0.119, 0.659, 0.668, 0.36, 0.369, 0.269, 0.278, 0.316, 0.325]
time = [108, 123, 129, 140, 155, 133, 165, 126, 106, 151, 153, 153, 158, 106, 151, 152, 163, 115, 118, 161, 165, 163, 112, 128, 121, 120, 148, 117, 133, 166, 148, 163]
tf/VGG19-CIFAR10/weightsharing/
clusters = ['[1024, 1024, 2]', '[1024, 1024, 32]', '[1024, 128, 2]', '[1024, 128, 32]', '[1024, 2, 2]', '[1024, 2, 32]', '[1024, 32, 2]', '[1024, 32, 32]', '[128, 1024, 2]', '[128, 1024, 32]', '[128, 128, 2]', '[128, 128, 32]', '[128, 2, 2]', '[128, 2, 32]', '[128, 32, 2]', '[128, 32, 32]', '[2, 1024, 2]', '[2, 1024, 32]', '[2, 128, 2]', '[2, 128, 32]', '[2, 2, 2]', '[2, 2, 32]', '[2, 32, 2]', '[2, 32, 32]', '[32, 1024, 2]', '[32, 1024, 32]', '[32, 128, 2]', '[32, 128, 32]', '[32, 2, 2]', '[32, 2, 32]', '[32, 32, 2]', '[32, 32, 32]']
unique = [[1024, 1024, 2], [1024, 1024, 32], [1024, 128, 2], [1024, 128, 32], [1024, 2, 2], [1024, 2, 32], [1024, 32, 2], [1024, 32, 32], [128, 1024, 2], [128, 1024, 32], [128, 128, 2], [128, 128, 32], [128, 2, 2], [128, 2, 32], [128, 32, 2], [128, 32, 32], [2, 1024, 2], [2, 1024, 32], [2, 128, 2], [2, 128, 32], [2, 2, 2], [2, 2, 32], [2, 32, 2], [2, 32, 32], [32, 1024, 2], [32, 1024, 32], [32, 128, 2], [32, 128, 32], [32, 2, 2], [32, 2, 32], [32, 32, 2], [32, 32, 32]]
diff_acc = [0.0025, 0.0024, 0.0027, 0.0024, 0.0022, 0.0025, 0.0026, 0.0024, 0.0024, 0.0024, 0.0026, 0.0024, 0.0022, 0.0024, 0.0026, 0.0023, 0.0016, 0.0015, 0.0017, 0.0016, 0.0021, 0.0016, 0.0017, 0.0016, 0.0023, 0.0023, 0.0026, 0.0024, 0.0019, 0.0021, 0.0027, 0.0024]
space = [0.619, 0.62, 0.454, 0.454, 0.125, 0.126, 0.341, 0.342, 0.597, 0.598, 0.432, 0.433, 0.104, 0.104, 0.32, 0.32, 0.556, 0.557, 0.391, 0.392, 0.063, 0.063, 0.279, 0.279, 0.583, 0.584, 0.418, 0.419, 0.089, 0.09, 0.306, 0.306]
time = [176, 190, 162, 172, 162, 172, 182, 186, 170, 174, 166, 167, 155, 155, 163, 172, 174, 164, 168, 163, 154, 155, 164, 163, 169, 175, 181, 176, 153, 155, 165, 165]
tf/VGG19-MNIST/weightsharing/
clusters = ['[1024, 1024, 2]', '[1024, 1024, 32]', '[1024, 128, 2]', '[1024, 128, 32]', '[1024, 2, 2]', '[1024, 2, 32]', '[1024, 32, 2]', '[1024, 32, 32]', '[128, 1024, 2]', '[128, 1024, 32]', '[128, 128, 2]', '[128, 128, 32]', '[128, 2, 2]', '[128, 2, 32]', '[128, 32, 2]', '[128, 32, 32]', '[2, 1024, 2]', '[2, 1024, 32]', '[2, 128, 2]', '[2, 128, 32]', '[2, 2, 2]', '[2, 2, 32]', '[2, 32, 2]', '[2, 32, 32]', '[32, 1024, 2]', '[32, 1024, 32]', '[32, 128, 2]', '[32, 128, 32]', '[32, 2, 2]', '[32, 2, 32]', '[32, 32, 2]', '[32, 32, 32]']
unique = [[1024, 1024, 2], [1024, 1024, 32], [1024, 128, 2], [1024, 128, 32], [1024, 2, 2], [1024, 2, 32], [1024, 32, 2], [1024, 32, 32], [128, 1024, 2], [128, 1024, 32], [128, 128, 2], [128, 128, 32], [128, 2, 2], [128, 2, 32], [128, 32, 2], [128, 32, 32], [2, 1024, 2], [2, 1024, 32], [2, 128, 2], [2, 128, 32], [2, 2, 2], [2, 2, 32], [2, 32, 2], [2, 32, 32], [32, 1024, 2], [32, 1024, 32], [32, 128, 2], [32, 128, 32], [32, 2, 2], [32, 2, 32], [32, 32, 2], [32, 32, 32]]
diff_acc = [0.0001, 0.0002, 0.0002, 0.0002, -0.0006, 0.0, 0.0003, 0.0002, -0.0004, 0.0002, -0.0005, 0.0001, -0.0025, 0.0, -0.0003, 0.0003, -0.0001, 0.0, 0.0, 0.0001, -0.0005, -0.379, 0.0002, -0.0001, -0.0013, 0.0002, -0.0014, 0.0002, -0.5075, -0.0001, -0.0013, 0.0002]
space = [0.62, 0.62, 0.449, 0.449, 0.126, 0.126, 0.343, 0.343, 0.598, 0.599, 0.427, 0.428, 0.104, 0.104, 0.321, 0.321, 0.557, 0.557, 0.386, 0.386, 0.063, 0.063, 0.28, 0.28, 0.584, 0.584, 0.413, 0.414, 0.09, 0.09, 0.307, 0.307]
time = [175, 163, 186, 173, 168, 173, 176, 171, 181, 169, 163, 177, 158, 160, 165, 163, 166, 185, 165, 160, 157, 158, 159, 167, 177, 167, 166, 170, 160, 158, 163, 169]
