tf/DeepDTA/DAVIS/pruning_stochastic/
pruning = ['80', '80', '80', '80', '80', '80', '80', '80', '80', '80', '80', '80', '80', '80', '80', '80', '80', '80', '80', '80', '80', '80', '80', '80', '80', '80', '80', '80', '80', '80', '80', '80', '80', '80', '80', '80', '80', '80', '80', '80', '80', '80', '80', '80', '80', '80', '80', '80', '80', '80', '80', '80', '80', '80']
clusters = ['[128, 128, 128, 2]', '[128, 128, 128, 32]', '[128, 128, 2, 2]', '[128, 128, 2, 32]', '[128, 128, 32, 2]', '[128, 128, 32, 32]', '[128, 2, 128, 2]', '[128, 2, 128, 32]', '[128, 2, 2, 2]', '[128, 2, 2, 32]', '[128, 2, 32, 2]', '[128, 2, 32, 32]', '[128, 32, 128, 2]', '[128, 32, 128, 32]', '[128, 32, 2, 2]', '[128, 32, 2, 32]', '[128, 32, 32, 2]', '[128, 32, 32, 32]', '[2, 128, 128, 2]', '[2, 128, 128, 32]', '[2, 128, 2, 2]', '[2, 128, 2, 32]', '[2, 128, 32, 2]', '[2, 128, 32, 32]', '[2, 2, 128, 2]', '[2, 2, 128, 32]', '[2, 2, 2, 2]', '[2, 2, 2, 32]', '[2, 2, 32, 2]', '[2, 2, 32, 32]', '[2, 32, 128, 2]', '[2, 32, 128, 32]', '[2, 32, 2, 2]', '[2, 32, 2, 32]', '[2, 32, 32, 2]', '[2, 32, 32, 32]', '[32, 128, 128, 2]', '[32, 128, 128, 32]', '[32, 128, 2, 2]', '[32, 128, 2, 32]', '[32, 128, 32, 2]', '[32, 128, 32, 32]', '[32, 2, 128, 2]', '[32, 2, 128, 32]', '[32, 2, 2, 2]', '[32, 2, 2, 32]', '[32, 2, 32, 2]', '[32, 2, 32, 32]', '[32, 32, 128, 2]', '[32, 32, 128, 32]', '[32, 32, 2, 2]', '[32, 32, 2, 32]', '[32, 32, 32, 2]', '[32, 32, 32, 32]']
unique = [[29, 29, 28, 3], [29, 29, 28, 8], [29, 29, 3, 3], [29, 29, 3, 8], [29, 29, 9, 3], [29, 29, 9, 8], [29, 3, 28, 3], [29, 3, 28, 8], [29, 3, 3, 3], [29, 3, 3, 8], [29, 3, 9, 3], [29, 3, 9, 8], [29, 9, 28, 3], [29, 9, 28, 8], [29, 9, 3, 3], [29, 9, 3, 8], [29, 9, 9, 3], [29, 9, 9, 8], [3, 29, 28, 3], [3, 29, 28, 8], [3, 29, 3, 3], [3, 29, 3, 8], [3, 29, 9, 3], [3, 29, 9, 8], [3, 3, 28, 3], [3, 3, 28, 8], [3, 3, 3, 3], [3, 3, 3, 8], [3, 3, 9, 3], [3, 3, 9, 8], [3, 9, 28, 3], [3, 9, 28, 8], [3, 9, 3, 3], [3, 9, 3, 8], [3, 9, 9, 3], [3, 9, 9, 8], [9, 29, 28, 3], [9, 29, 28, 8], [9, 29, 3, 3], [9, 29, 3, 8], [9, 29, 9, 3], [9, 29, 9, 8], [9, 3, 28, 3], [9, 3, 28, 8], [9, 3, 3, 3], [9, 3, 3, 8], [9, 3, 9, 3], [9, 3, 9, 8], [9, 9, 28, 3], [9, 9, 28, 8], [9, 9, 3, 3], [9, 9, 3, 8], [9, 9, 9, 3], [9, 9, 9, 8]]
diff_acc = [-0.08832, -0.09206, -0.08253, -0.08675, -0.08586, -0.08181, -0.0218, -0.01964, -0.01695, -0.01017, -0.01901, -0.03003, -0.08445, -0.07827, -0.08101, -0.08231, -0.08743, -0.07938, -0.0234, -0.02175, -0.00602, -0.02272, -0.02146, -0.02609, 0.02694, 0.02431, 0.05683, 0.06085, 0.03698, 0.05019, -0.02285, -0.03219, -0.02365, -0.01901, -0.01761, -0.02271, -0.07966, -0.07932, -0.06984, -0.07646, -0.08215, -0.07821, -0.02626, -0.02914, -0.01195, -0.02797, -0.02564, -0.01167, -0.0744, -0.07878, -0.06527, -0.07588, -0.07221, -0.06952]
space = [0.122, 0.122, 0.108, 0.108, 0.114, 0.114, 0.094, 0.094, 0.08, 0.08, 0.086, 0.086, 0.106, 0.106, 0.092, 0.092, 0.098, 0.098, 0.117, 0.117, 0.103, 0.103, 0.109, 0.109, 0.089, 0.089, 0.075, 0.075, 0.081, 0.081, 0.1, 0.1, 0.086, 0.087, 0.092, 0.093, 0.119, 0.119, 0.105, 0.105, 0.111, 0.111, 0.091, 0.091, 0.077, 0.077, 0.083, 0.083, 0.103, 0.103, 0.089, 0.089, 0.095, 0.095]
time = [77, 74, 59, 68, 68, 73, 72, 78, 72, 62, 75, 57, 68, 66, 60, 60, 56, 75, 70, 68, 72, 72, 62, 75, 56, 75, 59, 72, 73, 68, 70, 74, 53, 66, 73, 68, 76, 68, 57, 59, 77, 68, 75, 74, 57, 68, 63, 65, 73, 71, 67, 75, 66, 76]
tf/DeepDTA/DAVIS/pruning_stochastic/
pruning = ['30', '40', '50', '60', '70', '90', '95', '96', '97', '98', '99']
clusters = ['[128, 32, 32, 32]', '[128, 32, 32, 32]', '[128, 32, 32, 32]', '[128, 32, 32, 32]', '[128, 32, 32, 32]', '[128, 32, 32, 32]', '[128, 32, 32, 32]', '[128, 32, 32, 32]', '[128, 32, 32, 32]', '[128, 32, 32, 32]', '[128, 32, 32, 32]']
unique = [[92, 25, 25, 25], [79, 22, 21, 22], [67, 18, 19, 17], [54, 16, 15, 15], [41, 12, 13, 12], [16, 7, 6, 6], [10, 5, 4, 4], [8, 4, 4, 4], [7, 4, 4, 4], [6, 4, 4, 3], [5, 4, 4, 3]]
diff_acc = [-0.08107, -0.07394, -0.07539, -0.08694, -0.07331, -0.05515, 0.03658, 0.10344, 0.19548, 0.22643, 0.49703]
space = [0.261, 0.23, 0.193, 0.16, 0.127, 0.075, 0.067, 0.066, 0.065, 0.064, 0.063]
time = [119, 132, 114, 112, 92, 59, 52, 60, 54, 55, 55]
tf/DeepDTA/KIBA/pruning_stochastic/
pruning = ['30', '40', '50', '60', '60', '60', '60', '60', '60', '60', '70', '80', '90', '95', '96', '97', '98', '99']
clusters = ['[32, 128, 128, 32]', '[32, 128, 128, 32]', '[32, 128, 128, 32]', '[128, 128, 2, 2]', '[128, 128, 2, 32]', '[128, 128, 32, 2]', '[128, 128, 32, 32]', '[128, 32, 128, 2]', '[128, 32, 128, 32]', '[128, 32, 32, 32]', '[32, 128, 128, 32]', '[32, 128, 128, 32]', '[32, 128, 128, 32]', '[32, 128, 128, 32]', '[32, 128, 128, 32]', '[32, 128, 128, 32]', '[32, 128, 128, 32]', '[32, 128, 128, 32]']
unique = [[24, 92, 92, 24], [22, 79, 79, 22], [19, 67, 66, 19], [54, 54, 3, 3], [54, 54, 3, 15], [54, 54, 15, 3], [54, 54, 15, 15], [54, 15, 54, 3], [54, 15, 54, 15], [54, 15, 15, 15], [13, 42, 41, 11], [10, 29, 28, 9], [6, 16, 16, 6], [5, 10, 9, 4], [5, 8, 8, 4], [4, 7, 6, 4], [4, 6, 6, 4], [4, 5, 5, 4]]
diff_acc = [-0.00711, -0.00724, -0.00538, 0.03783, 0.11879, 0.01805, 0.01434, 0.02036, 0.01564, 0.01595, 0.19177, 0.18335, 0.23321, 0.70364, 0.59003, 0.2532, 0.34714, 0.50408]
space = [0.331, 0.291, 0.243, 0.171, 0.171, 0.191, 0.191, 0.175, 0.175, 0.159, 0.158, 0.119, 0.084, 0.071, 0.069, 0.067, 0.065, 0.063]
time = [56, 49, 49, 38, 41, 40, 39, 40, 38, 41, 34, 25, 18, 15, 14, 13, 13, 12]
tf/DeepDTA/KIBA/pruning_stochastic/
pruning = ['60', '60', '60', '60', '60', '60', '60', '60', '60', '60', '60', '60', '60', '60', '60', '60', '60', '60', '60', '60', '60', '60', '60', '60', '60', '60', '60', '60', '60', '60', '60', '60', '60', '60', '60', '60', '60', '60', '60', '60', '60', '60', '60', '60', '60']
clusters = ['[128, 2, 128, 2]', '[128, 2, 128, 32]', '[128, 2, 2, 2]', '[128, 2, 2, 32]', '[128, 2, 32, 2]', '[128, 2, 32, 32]', '[128, 32, 2, 2]', '[128, 32, 2, 32]', '[128, 32, 32, 2]', '[2, 128, 128, 2]', '[2, 128, 128, 32]', '[2, 128, 2, 2]', '[2, 128, 2, 32]', '[2, 128, 32, 2]', '[2, 128, 32, 32]', '[2, 2, 128, 2]', '[2, 2, 128, 32]', '[2, 2, 2, 2]', '[2, 2, 2, 32]', '[2, 2, 32, 2]', '[2, 2, 32, 32]', '[2, 32, 128, 2]', '[2, 32, 128, 32]', '[2, 32, 2, 2]', '[2, 32, 2, 32]', '[2, 32, 32, 2]', '[2, 32, 32, 32]', '[32, 128, 128, 2]', '[32, 128, 128, 32]', '[32, 128, 2, 2]', '[32, 128, 2, 32]', '[32, 128, 32, 2]', '[32, 128, 32, 32]', '[32, 2, 128, 2]', '[32, 2, 128, 32]', '[32, 2, 2, 2]', '[32, 2, 2, 32]', '[32, 2, 32, 2]', '[32, 2, 32, 32]', '[32, 32, 128, 2]', '[32, 32, 128, 32]', '[32, 32, 2, 2]', '[32, 32, 2, 32]', '[32, 32, 32, 2]', '[32, 32, 32, 32]']
unique = [[54, 3, 54, 3], [54, 3, 54, 15], [54, 3, 3, 3], [54, 3, 3, 15], [54, 3, 15, 3], [54, 3, 15, 15], [54, 15, 3, 3], [54, 15, 3, 15], [54, 15, 15, 3], [3, 54, 54, 3], [3, 54, 54, 15], [3, 54, 3, 3], [3, 54, 3, 15], [3, 54, 15, 3], [3, 54, 15, 15], [3, 3, 54, 3], [3, 3, 54, 15], [3, 3, 3, 3], [3, 3, 3, 15], [3, 3, 15, 3], [3, 3, 15, 15], [3, 15, 54, 3], [3, 15, 54, 15], [3, 15, 3, 3], [3, 15, 3, 15], [3, 15, 15, 3], [3, 15, 15, 15], [16, 54, 54, 3], [16, 54, 54, 15], [16, 54, 3, 3], [16, 54, 3, 15], [16, 54, 15, 3], [16, 54, 15, 15], [16, 3, 54, 3], [16, 3, 54, 15], [16, 3, 3, 3], [16, 3, 3, 15], [16, 3, 15, 3], [16, 3, 15, 15], [16, 15, 54, 3], [16, 15, 54, 15], [16, 15, 3, 3], [16, 15, 3, 15], [16, 15, 15, 3], [16, 15, 15, 15]]
diff_acc = [0.03967, 0.05093, 0.24789, 0.16341, 0.03895, 0.05244, 0.05017, 0.14527, 0.01735, 0.09871, 0.09558, 0.28775, 0.23916, 0.12751, 0.11, 0.26954, 0.32846, 0.44358, 0.17777, 0.30925, 0.31728, 0.11227, 0.10867, 0.50436, 0.18248, 0.13479, 0.11741, 0.01595, 0.01725, 0.04929, 0.13542, 0.01977, 0.01052, 0.11109, 0.08732, 0.15884, 0.14471, 0.05466, 0.06201, 0.0193, 0.01098, 0.05487, 0.1042, 0.01537, 0.01928]
space = [0.136, 0.137, 0.101, 0.101, 0.121, 0.121, 0.14, 0.14, 0.16, 0.193, 0.194, 0.158, 0.158, 0.178, 0.178, 0.123, 0.123, 0.088, 0.088, 0.107, 0.107, 0.162, 0.162, 0.127, 0.127, 0.146, 0.146, 0.201, 0.201, 0.166, 0.166, 0.185, 0.185, 0.131, 0.131, 0.095, 0.095, 0.115, 0.115, 0.17, 0.17, 0.134, 0.134, 0.154, 0.154]
time = [72, 62, 68, 66, 79, 75, 71, 71, 80, 75, 72, 77, 77, 78, 75, 78, 68, 76, 75, 75, 66, 69, 73, 58, 62, 55, 69, 66, 61, 69, 67, 57, 65, 62, 61, 69, 66, 70, 68, 78, 78, 86, 81, 67, 75]
tf/DeepDTA/KIBA/pruning_stochastic/
pruning = ['60', '60']
clusters = ['[128, 128, 128, 32]', '[128, 128, 128, 32]']
unique = [[54, 54, 54, 15], [54, 54, 54, 15]]
diff_acc = [0.00131, 0.00238]
space = [0.207, 0.207]
time = [67, 74]
