tf/VGG19-CIFAR10/pruningstochastic/
pruning = ['30', '40', '50', '60', '70', '80', '90', '95', '96', '97', '98', '99', '60', '60', '60', '60', '60', '60', '60', '60', '60', '60', '60', '60', '60', '60', '60', '60', '60', '60', '60', '60', '60', '60', '60', '60', '60', '60', '60', '60', '60', '60', '60', '60']
clusters = ['[32, 2, 32]', '[32, 2, 32]', '[32, 2, 32]', '[32, 2, 32]', '[32, 2, 32]', '[32, 2, 32]', '[32, 2, 32]', '[32, 2, 32]', '[32, 2, 32]', '[32, 2, 32]', '[32, 2, 32]', '[32, 2, 32]', '[1024, 1024, 2]', '[1024, 1024, 32]', '[1024, 128, 2]', '[1024, 128, 32]', '[1024, 2, 2]', '[1024, 2, 32]', '[1024, 32, 2]', '[1024, 32, 32]', '[128, 1024, 2]', '[128, 1024, 32]', '[128, 128, 2]', '[128, 128, 32]', '[128, 2, 2]', '[128, 2, 32]', '[128, 32, 2]', '[128, 32, 32]', '[2, 1024, 2]', '[2, 1024, 32]', '[2, 128, 2]', '[2, 128, 32]', '[2, 2, 2]', '[2, 2, 32]', '[2, 32, 2]', '[2, 32, 32]', '[32, 1024, 2]', '[32, 1024, 32]', '[32, 128, 2]', '[32, 128, 32]', '[32, 2, 2]', '[32, 2, 32]', '[32, 32, 2]', '[32, 32, 32]']
unique = [[24, 3, 24], [22, 3, 21], [19, 3, 19], [15, 3, 16], [12, 3, 13], [10, 3, 10], [6, 3, 7], [4, 3, 5], [4, 3, 4], [4, 3, 4], [4, 3, 4], [4, 3, 4], [412, 412, 3], [412, 412, 16], [412, 54, 3], [412, 54, 16], [412, 3, 3], [412, 3, 16], [412, 16, 3], [412, 16, 16], [54, 412, 3], [54, 412, 16], [54, 54, 3], [54, 54, 16], [54, 3, 3], [54, 3, 16], [54, 16, 3], [54, 16, 16], [3, 412, 3], [3, 412, 16], [3, 54, 3], [3, 54, 16], [3, 3, 3], [3, 3, 16], [3, 16, 3], [3, 16, 16], [15, 412, 3], [15, 412, 16], [15, 54, 3], [15, 54, 16], [15, 3, 3], [15, 3, 16], [15, 16, 3], [15, 16, 16]]
diff_acc = [0.0017, 0.002, 0.002, 0.0018, 0.0019, 0.0016, 0.0009, 0.0019, 0.0019, 0.0018, 0.0021, 0.0019, 0.0012, 0.0017, 0.0009, 0.0017, 0.0017, 0.0019, 0.0007, 0.0017, 0.0012, 0.0018, 0.001, 0.0017, 0.0014, 0.0019, 0.0008, 0.0017, 0.0014, 0.0019, 0.0012, 0.0018, 0.0009, 0.0019, 0.001, 0.0018, 0.0012, 0.0018, 0.001, 0.0017, 0.001, 0.0018, 0.0007, 0.0016]
space = [0.115, 0.114, 0.104, 0.095, 0.086, 0.078, 0.069, 0.066, 0.065, 0.064, 0.064, 0.063, 0.281, 0.282, 0.214, 0.214, 0.109, 0.109, 0.169, 0.169, 0.273, 0.273, 0.205, 0.206, 0.101, 0.101, 0.16, 0.161, 0.26, 0.26, 0.192, 0.192, 0.088, 0.088, 0.147, 0.147, 0.267, 0.267, 0.2, 0.2, 0.095, 0.095, 0.155, 0.155]
time = [206, 178, 146, 122, 116, 96, 77, 63, 63, 60, 65, 62, 144, 147, 133, 151, 150, 143, 144, 138, 160, 152, 141, 149, 144, 152, 136, 129, 142, 152, 137, 142, 122, 128, 134, 126, 130, 134, 123, 127, 118, 125, 131, 128]
tf/VGG19-MNIST/pruningstochastic/
pruning = ['30', '40', '50', '60', '70', '80', '90', '95', '96', '97', '98', '99', '96', '96', '96', '96', '96', '96', '96', '96', '96', '96', '96', '96', '96', '96', '96', '96', '96', '96', '96', '96', '96', '96', '96', '96', '96', '96', '96', '96', '96', '96', '96', '96']
clusters = ['[32, 32, 2]', '[32, 32, 2]', '[32, 32, 2]', '[32, 32, 2]', '[32, 32, 2]', '[32, 32, 2]', '[32, 32, 2]', '[32, 32, 2]', '[32, 32, 2]', '[32, 32, 2]', '[32, 32, 2]', '[32, 32, 2]', '[1024, 1024, 2]', '[1024, 1024, 32]', '[1024, 128, 2]', '[1024, 128, 32]', '[1024, 2, 2]', '[1024, 2, 32]', '[1024, 32, 2]', '[1024, 32, 32]', '[128, 1024, 2]', '[128, 1024, 32]', '[128, 128, 2]', '[128, 128, 32]', '[128, 2, 2]', '[128, 2, 32]', '[128, 32, 2]', '[128, 32, 32]', '[2, 1024, 2]', '[2, 1024, 32]', '[2, 128, 2]', '[2, 128, 32]', '[2, 2, 2]', '[2, 2, 32]', '[2, 32, 2]', '[2, 32, 32]', '[32, 1024, 2]', '[32, 1024, 32]', '[32, 128, 2]', '[32, 128, 32]', '[32, 2, 2]', '[32, 2, 32]', '[32, 32, 2]', '[32, 32, 32]']
unique = [[25, 25, 3], [22, 21, 3], [18, 19, 3], [16, 15, 3], [12, 13, 3], [9, 9, 3], [6, 7, 3], [4, 5, 3], [4, 4, 3], [4, 4, 3], [4, 4, 3], [4, 4, 3], [44, 44, 3], [44, 44, 4], [44, 8, 3], [44, 8, 4], [44, 3, 3], [44, 3, 4], [44, 4, 3], [44, 4, 4], [8, 44, 3], [8, 44, 4], [8, 8, 3], [8, 8, 4], [8, 3, 3], [8, 3, 4], [8, 4, 3], [8, 4, 4], [3, 44, 3], [3, 44, 4], [3, 8, 3], [3, 8, 4], [3, 3, 3], [3, 3, 4], [3, 4, 3], [3, 4, 4], [4, 44, 3], [4, 44, 4], [4, 8, 3], [4, 8, 4], [4, 3, 3], [4, 3, 4], [4, 4, 3], [4, 4, 4]]
diff_acc = [-0.0001, 0.0001, 0.0004, 0.0001, -0.0096, -0.0001, -0.0001, 0.0002, -0.0005, 0.0001, -0.0008, -0.4104, -0.0005, -0.0449, -0.1897, -0.0855, -0.1018, -0.0004, -0.027, -0.0006, -0.0002, -0.0, -0.0003, -0.0, -0.1148, -0.0009, -0.0004, -0.0004, -0.0001, 0.0001, -0.0003, -0.0, -0.0037, -0.0005, -0.0, -0.0005, -0.0006, 0.0001, -0.0004, 0.0002, -0.0012, -0.0018, -0.0005, -0.0002]
space = [0.251, 0.22, 0.187, 0.153, 0.124, 0.095, 0.074, 0.067, 0.066, 0.065, 0.064, 0.063, 0.076, 0.076, 0.069, 0.069, 0.066, 0.066, 0.067, 0.067, 0.075, 0.075, 0.068, 0.068, 0.065, 0.065, 0.066, 0.066, 0.075, 0.075, 0.068, 0.068, 0.065, 0.065, 0.066, 0.066, 0.075, 0.075, 0.068, 0.068, 0.065, 0.065, 0.066, 0.066]
time = [214, 160, 142, 130, 103, 93, 70, 65, 72, 60, 62, 58, 68, 67, 71, 71, 64, 65, 65, 66, 69, 68, 68, 66, 68, 66, 67, 67, 69, 70, 69, 69, 70, 65, 67, 65, 68, 72, 70, 70, 69, 70, 70, 67]