tf/DeepDTA/KIBA/stochastic/
clusters = ['[128, 128, 128, 2]', '[128, 128, 128, 32]', '[128, 128, 2, 2]', '[128, 128, 2, 32]', '[128, 128, 32, 2]', '[128, 128, 32, 32]', '[128, 2, 128, 2]', '[128, 2, 128, 32]', '[128, 2, 2, 2]', '[128, 2, 2, 32]', '[128, 2, 32, 2]', '[128, 2, 32, 32]', '[128, 32, 128, 2]', '[128, 32, 128, 32]', '[128, 32, 2, 2]', '[128, 32, 2, 32]', '[128, 32, 32, 2]', '[128, 32, 32, 32]', '[2, 128, 128, 2]', '[2, 128, 128, 32]', '[2, 128, 2, 2]', '[2, 128, 2, 32]', '[2, 128, 32, 2]', '[2, 128, 32, 32]', '[2, 2, 128, 2]', '[2, 2, 128, 32]', '[2, 2, 2, 2]', '[2, 2, 2, 32]', '[2, 2, 32, 2]', '[2, 2, 32, 32]', '[2, 32, 128, 2]', '[2, 32, 128, 32]', '[2, 32, 2, 2]', '[2, 32, 2, 32]', '[2, 32, 32, 32]', '[2, 32, 32, 32]', '[32, 128, 128, 2]', '[32, 128, 128, 32]', '[32, 128, 2, 2]', '[32, 128, 2, 32]', '[32, 128, 32, 2]', '[32, 128, 32, 32]', '[32, 2, 128, 2]', '[32, 2, 128, 32]', '[32, 2, 2, 2]', '[32, 2, 2, 32]', '[32, 2, 32, 2]', '[32, 2, 32, 32]', '[32, 32, 128, 2]', '[32, 32, 128, 32]', '[32, 32, 2, 2]', '[32, 32, 2, 32]', '[32, 32, 32, 2]', '[32, 32, 32, 32]']
unique = [[128, 128, 128, 2], [128, 128, 128, 32], [128, 128, 2, 2], [128, 128, 2, 32], [128, 128, 32, 2], [128, 128, 32, 32], [128, 2, 128, 2], [128, 2, 128, 32], [128, 2, 2, 2], [128, 2, 2, 32], [128, 2, 32, 2], [128, 2, 32, 32], [128, 32, 128, 2], [128, 32, 128, 32], [128, 32, 2, 2], [128, 32, 2, 32], [128, 32, 32, 2], [128, 32, 32, 32], [2, 128, 128, 2], [2, 128, 128, 32], [2, 128, 2, 2], [2, 128, 2, 32], [2, 128, 32, 2], [2, 128, 32, 32], [2, 2, 128, 2], [2, 2, 128, 32], [2, 2, 2, 2], [2, 2, 2, 32], [2, 2, 32, 2], [2, 2, 32, 32], [2, 32, 128, 2], [2, 32, 128, 32], [2, 32, 2, 2], [2, 32, 2, 32], [2, 32, 32, 32], [2, 32, 32, 32], [32, 128, 128, 2], [32, 128, 128, 32], [32, 128, 2, 2], [32, 128, 2, 32], [32, 128, 32, 2], [32, 128, 32, 32], [32, 2, 128, 2], [32, 2, 128, 32], [32, 2, 2, 2], [32, 2, 2, 32], [32, 2, 32, 2], [32, 2, 32, 32], [32, 32, 128, 2], [32, 32, 128, 32], [32, 32, 2, 2], [32, 32, 2, 32], [32, 32, 32, 2], [32, 32, 32, 32]]
diff_acc = [0.00988, 0.0024, 0.09286, 0.03505, 0.0101, 0.00142, 0.18477, 0.18258, 0.50766, 0.54187, 0.18305, 0.13092, 0.01294, 0.0039, 0.22327, 0.03562, 0.009, 0.01046, 0.26787, 0.18943, 0.50536, 0.50441, 0.22337, 0.15436, 0.5259, 0.42466, 0.50733, 3.92965, 0.47707, 0.44317, 0.22649, 0.11455, 0.50474, 0.50447, 0.21351, 0.27314, 0.01144, 0.00052, 0.2028, 0.0339, 0.01362, 0.0081, 0.17524, 0.18016, 0.49997, 0.53928, 0.20481, 0.19072, 0.01134, 0.00685, 0.17551, 0.04246, 0.01139, 0.00825]
space = [0.44, 0.44, 0.328, 0.328, 0.401, 0.402, 0.217, 0.217, 0.105, 0.105, 0.179, 0.179, 0.364, 0.364, 0.252, 0.252, 0.325, 0.326, 0.397, 0.397, 0.285, 0.286, 0.359, 0.359, 0.174, 0.175, 0.063, 0.063, 0.136, 0.136, 0.321, 0.321, 0.209, 0.21, 0.283, 0.283, 0.425, 0.425, 0.313, 0.313, 0.387, 0.387, 0.202, 0.202, 0.09, 0.091, 0.164, 0.164, 0.349, 0.349, 0.237, 0.237, 0.311, 0.311]
time = [116, 125, 113, 113, 110, 126, 119, 119, 106, 110, 105, 127, 110, 127, 128, 135, 140, 127, 141, 128, 138, 129, 113, 132, 119, 143, 113, 111, 124, 139, 151, 121, 124, 118, 123, 143, 145, 108, 129, 131, 135, 147, 118, 121, 109, 116, 111, 124, 127, 123, 134, 133, 122, 148]
tf/DeepDTA/DAVIS/stochastic/
clusters = ['[128, 128, 128, 2]', '[128, 128, 128, 32]', '[128, 128, 2, 2]', '[128, 128, 2, 32]', '[128, 128, 32, 2]', '[128, 128, 32, 32]', '[128, 2, 128, 2]', '[128, 2, 128, 32]', '[128, 2, 2, 2]', '[128, 2, 2, 32]', '[128, 2, 32, 2]', '[128, 2, 32, 32]', '[128, 32, 128, 2]', '[128, 32, 128, 32]', '[128, 32, 2, 2]', '[128, 32, 2, 32]', '[128, 32, 32, 2]', '[128, 32, 32, 32]', '[2, 128, 128, 2]', '[2, 128, 128, 32]', '[2, 128, 2, 2]', '[2, 128, 2, 32]', '[2, 128, 32, 2]', '[2, 128, 32, 32]', '[2, 2, 128, 2]', '[2, 2, 128, 32]', '[2, 2, 2, 2]', '[2, 2, 2, 32]', '[2, 2, 32, 2]', '[2, 2, 32, 32]', '[2, 32, 128, 2]', '[2, 32, 128, 32]', '[2, 32, 2, 2]', '[2, 32, 2, 32]', '[2, 32, 32, 2]', '[2, 32, 32, 32]', '[32, 128, 128, 2]', '[32, 128, 2, 2]', '[32, 128, 2, 32]', '[32, 128, 32, 2]', '[32, 2, 128, 128]', '[32, 2, 128, 2]', '[32, 2, 128, 32]', '[32, 2, 2, 128]', '[32, 2, 2, 2]', '[32, 2, 2, 32]', '[32, 2, 32, 128]', '[32, 2, 32, 2]', '[32, 2, 32, 32]', '[32, 32, 128, 2]', '[32, 32, 2, 2]', '[32, 32, 2, 32]', '[32, 32, 32, 2]', '[32, 128, 128, 32]', '[32, 128, 32, 32]', '[32, 32, 128, 32]', '[32, 32, 32, 32]']
unique = [[128, 128, 128, 2], [128, 128, 128, 32], [128, 128, 2, 2], [128, 128, 2, 32], [128, 128, 32, 2], [128, 128, 32, 32], [128, 2, 128, 2], [128, 2, 128, 32], [128, 2, 2, 2], [128, 2, 2, 32], [128, 2, 32, 2], [128, 2, 32, 32], [128, 32, 128, 2], [128, 32, 128, 32], [128, 32, 2, 2], [128, 32, 2, 32], [128, 32, 32, 2], [128, 32, 32, 32], [2, 128, 128, 2], [2, 128, 128, 32], [2, 128, 2, 2], [2, 128, 2, 32], [2, 128, 32, 2], [2, 128, 32, 32], [2, 2, 128, 2], [2, 2, 128, 32], [2, 2, 2, 2], [2, 2, 2, 32], [2, 2, 32, 2], [2, 2, 32, 32], [2, 32, 128, 2], [2, 32, 128, 32], [2, 32, 2, 2], [2, 32, 2, 32], [2, 32, 32, 2], [2, 32, 32, 32], [32, 128, 128, 2], [32, 128, 2, 2], [32, 128, 2, 32], [32, 128, 32, 2], [32, 2, 128, 128], [32, 2, 128, 2], [32, 2, 128, 32], [32, 2, 2, 128], [32, 2, 2, 2], [32, 2, 2, 32], [32, 2, 32, 128], [32, 2, 32, 2], [32, 2, 32, 32], [32, 32, 128, 2], [32, 32, 2, 2], [32, 32, 2, 32], [32, 32, 32, 2], [32, 128, 128, 32], [32, 128, 32, 32], [32, 32, 128, 32], [32, 32, 32, 32]]
diff_acc = [-0.06656, -0.06278, -0.05222, -0.06296, -0.05675, -0.07226, 0.0467, 0.05625, 0.11967, 0.05009, 0.0605, 0.0545, -0.05328, -0.06352, -0.03524, -0.0656, -0.06563, -0.07924, 0.01303, -0.00839, 0.03344, 0.02902, 0.00276, -0.00028, 0.47961, 0.47925, 0.47926, 1.17434, 0.05391, 0.47929, 0.05464, 0.03437, 0.11704, 0.10586, 0.04913, 0.0185, -0.05567, -0.0512, -0.05969, -0.06418, 0.0369, 0.08448, 0.06812, 0.07124, 0.17001, 0.06485, 0.02372, 0.06455, 0.07742, -0.06872, -0.03591, -0.06534, -0.06391, -0.0706, -0.07019, -0.05414, -0.06279]
space = [0.438, 0.438, 0.327, 0.327, 0.4, 0.4, 0.216, 0.216, 0.104, 0.105, 0.178, 0.178, 0.362, 0.362, 0.251, 0.251, 0.324, 0.324, 0.396, 0.396, 0.285, 0.285, 0.358, 0.358, 0.174, 0.174, 0.063, 0.063, 0.136, 0.136, 0.32, 0.32, 0.209, 0.209, 0.282, 0.282, 0.423, 0.312, 0.312, 0.386, 0.202, 0.201, 0.202, 0.091, 0.09, 0.09, 0.164, 0.163, 0.164, 0.348, 0.237, 0.237, 0.31, 0.424, 0.386, 0.348, 0.31]
time = [162, 166, 158, 134, 149, 148, 122, 138, 139, 129, 154, 123, 112, 129, 146, 149, 152, 159, 134, 155, 130, 139, 136, 136, 146, 137, 140, 127, 138, 135, 142, 150, 140, 133, 139, 129, 139, 132, 137, 155, 122, 151, 120, 157, 135, 125, 142, 145, 128, 149, 149, 147, 137, 158, 185, 128, 152]
