tf/VGG19-CIFAR10/stochastic/
clusters = ['[1024, 1024, 2]', '[1024, 1024, 32]', '[1024, 128, 2]', '[1024, 128, 32]', '[1024, 2, 2]', '[1024, 2, 32]', '[1024, 32, 2]', '[1024, 32, 32]', '[128, 1024, 2]', '[128, 1024, 32]', '[128, 128, 2]', '[128, 128, 32]', '[128, 2, 2]', '[128, 2, 32]', '[128, 32, 2]', '[128, 32, 32]', '[2, 1024, 2]', '[2, 1024, 32]', '[2, 128, 2]', '[2, 128, 32]', '[2, 2, 2]', '[2, 2, 32]', '[2, 32, 2]', '[2, 32, 32]', '[32, 1024, 2]', '[32, 1024, 32]', '[32, 128, 2]', '[32, 128, 32]', '[32, 2, 2]', '[32, 2, 32]', '[32, 32, 2]', '[32, 32, 32]']
unique = [[1024, 1024, 2], [1024, 1024, 32], [1024, 128, 2], [1024, 128, 32], [1024, 2, 2], [1024, 2, 32], [1024, 32, 2], [1024, 32, 32], [128, 1024, 2], [128, 1024, 32], [128, 128, 2], [128, 128, 32], [128, 2, 2], [128, 2, 32], [128, 32, 2], [128, 32, 32], [2, 1024, 2], [2, 1024, 32], [2, 128, 2], [2, 128, 32], [2, 2, 2], [2, 2, 32], [2, 32, 2], [2, 32, 32], [32, 1024, 2], [32, 1024, 32], [32, 128, 2], [32, 128, 32], [32, 2, 2], [32, 2, 32], [32, 32, 2], [32, 32, 32]]
diff_acc = [0.0014, 0.001, 0.0014, 0.0015, 0.0002, 0.0014, 0.0017, 0.0015, 0.0015, 0.0008, 0.0014, 0.0013, -0.0, 0.0012, 0.0017, 0.0016, 0.0013, 0.0015, 0.0008, 0.0015, 0.0015, 0.0007, 0.0011, 0.0018, 0.0016, 0.0008, 0.0012, 0.0011, 0.0011, 0.0019, 0.0015, 0.0015]
space = [0.625, 0.626, 0.458, 0.458, 0.126, 0.126, 0.345, 0.345, 0.604, 0.604, 0.436, 0.437, 0.104, 0.105, 0.323, 0.324, 0.562, 0.563, 0.395, 0.395, 0.063, 0.063, 0.282, 0.282, 0.59, 0.59, 0.422, 0.423, 0.09, 0.091, 0.309, 0.31]
time = [275, 287, 285, 286, 278, 262, 275, 283, 273, 280, 267, 267, 267, 261, 252, 268, 275, 262, 251, 277, 264, 269, 270, 277, 263, 255, 268, 256, 228, 239, 269, 263]
tf/VGG19-MNIST/stochastic/
clusters = ['[1024, 1024, 2]', '[1024, 1024, 32]', '[1024, 128, 2]', '[1024, 128, 32]', '[1024, 2, 2]', '[1024, 2, 32]', '[1024, 32, 2]', '[1024, 32, 32]', '[128, 1024, 2]', '[128, 1024, 32]', '[128, 128, 2]', '[128, 128, 32]', '[128, 2, 2]', '[128, 2, 32]', '[128, 32, 2]', '[128, 32, 32]', '[2, 1024, 2]', '[2, 1024, 32]', '[2, 128, 2]', '[2, 128, 32]', '[2, 2, 2]', '[2, 2, 32]', '[2, 32, 2]', '[2, 32, 32]', '[32, 1024, 2]', '[32, 1024, 32]', '[32, 128, 2]', '[32, 128, 32]', '[32, 2, 2]', '[32, 2, 32]', '[32, 32, 2]', '[32, 32, 32]']
unique = [[1024, 1024, 2], [1024, 1024, 32], [1024, 128, 2], [1024, 128, 32], [1024, 2, 2], [1024, 2, 32], [1024, 32, 2], [1024, 32, 32], [128, 1024, 2], [128, 1024, 32], [128, 128, 2], [128, 128, 32], [128, 2, 2], [128, 2, 32], [128, 32, 2], [128, 32, 32], [2, 1024, 2], [2, 1024, 32], [2, 128, 2], [2, 128, 32], [2, 2, 2], [2, 2, 32], [2, 32, 2], [2, 32, 32], [32, 1024, 2], [32, 1024, 32], [32, 128, 2], [32, 128, 32], [32, 2, 2], [32, 2, 32], [32, 32, 2], [32, 32, 32]]
diff_acc = [0.0003, 0.0001, 0.0002, 0.0001, -0.0003, 0.0001, 0.0002, 0.0002, 0.0003, 0.0002, 0.0001, 0.0001, -0.2203, -0.0, 0.0002, 0.0001, -0.0008, 0.0003, -0.0004, 0.0003, -0.0002, -0.0006, -0.0007, 0.0002, 0.0004, 0.0002, 0.0004, 0.0002, -0.2459, -0.0001, 0.0004, 0.0002]
space = [0.626, 0.626, 0.458, 0.458, 0.126, 0.126, 0.345, 0.346, 0.604, 0.604, 0.436, 0.437, 0.104, 0.105, 0.323, 0.324, 0.562, 0.563, 0.395, 0.395, 0.063, 0.063, 0.282, 0.282, 0.59, 0.59, 0.422, 0.423, 0.09, 0.09, 0.309, 0.31]
time = [282, 231, 220, 235, 223, 222, 214, 220, 227, 227, 222, 213, 226, 210, 209, 233, 220, 219, 212, 207, 203, 207, 209, 208, 216, 243, 216, 249, 224, 253, 245, 243]
