tf/VGG19-CIFAR10/pruningstochastic/
pruning = ['30', '40', '50', '60', '70', '80', '90', '95', '96', '97', '98', '99', '60', '60', '60', '60', '60', '60', '60', '60', '60', '60', '60', '60', '60', '60', '60', '60', '60', '60', '60', '60', '60', '60', '60', '60', '60', '60', '60', '60', '60', '60', '60', '60']
clusters = ['[32, 2, 32]', '[32, 2, 32]', '[32, 2, 32]', '[32, 2, 32]', '[32, 2, 32]', '[32, 2, 32]', '[32, 2, 32]', '[32, 2, 32]', '[32, 2, 32]', '[32, 2, 32]', '[32, 2, 32]', '[32, 2, 32]', '[1024, 1024, 2]', '[1024, 1024, 32]', '[1024, 128, 2]', '[1024, 128, 32]', '[1024, 2, 2]', '[1024, 2, 32]', '[1024, 32, 2]', '[1024, 32, 32]', '[128, 1024, 2]', '[128, 1024, 32]', '[128, 128, 2]', '[128, 128, 32]', '[128, 2, 2]', '[128, 2, 32]', '[128, 32, 2]', '[128, 32, 32]', '[2, 1024, 2]', '[2, 1024, 32]', '[2, 128, 2]', '[2, 128, 32]', '[2, 2, 2]', '[2, 2, 32]', '[2, 32, 2]', '[2, 32, 32]', '[32, 1024, 2]', '[32, 1024, 32]', '[32, 128, 2]', '[32, 128, 32]', '[32, 2, 2]', '[32, 2, 32]', '[32, 32, 2]', '[32, 32, 32]']
unique = [[24, 3, 24], [22, 3, 21], [19, 3, 19], [15, 3, 16], [12, 3, 13], [10, 3, 10], [6, 3, 7], [4, 3, 5], [4, 3, 4], [4, 3, 4], [4, 3, 4], [4, 3, 4], [412, 412, 3], [412, 412, 16], [412, 54, 3], [412, 54, 16], [412, 3, 3], [412, 3, 16], [412, 16, 3], [412, 16, 16], [54, 412, 3], [54, 412, 16], [54, 54, 3], [54, 54, 16], [54, 3, 3], [54, 3, 16], [54, 16, 3], [54, 16, 16], [3, 412, 3], [3, 412, 16], [3, 54, 3], [3, 54, 16], [3, 3, 3], [3, 3, 16], [3, 16, 3], [3, 16, 16], [15, 412, 3], [15, 412, 16], [15, 54, 3], [15, 54, 16], [15, 3, 3], [15, 3, 16], [15, 16, 3], [15, 16, 16]]
diff_acc = [0.0017, 0.002, 0.002, 0.0018, 0.0019, 0.0016, 0.0009, 0.0019, 0.0019, 0.0018, 0.0021, 0.0019,0.0012, 0.0017, 0.0009, 0.0017, 0.0017, 0.0019, 0.0007, 0.0017, 0.0012, 0.0018, 0.001, 0.0017, 0.0014, 0.0019, 0.0008, 0.0017, 0.0014, 0.0019, 0.0012, 0.0018, 0.0009, 0.0019, 0.001, 0.0018, 0.0012, 0.0018, 0.001, 0.0017, 0.001, 0.0018, 0.0007, 0.0016]
space = [0.411, 0.352, 0.292, 0.233, 0.174, 0.115, 0.057, 0.029, 0.023, 0.017, 0.012, 0.006, 0.419, 0.419, 0.352, 0.352, 0.247, 0.247, 0.307, 0.307, 0.41, 0.411, 0.343, 0.343, 0.238, 0.239, 0.298, 0.298, 0.397, 0.397, 0.33, 0.33, 0.225, 0.225, 0.285, 0.285, 0.405, 0.405, 0.337, 0.337, 0.233, 0.233, 0.292, 0.292]
time = [127, 136, 102, 74, 54, 40, 19, 13, 12, 9, 6, 3, 87, 86, 85, 88, 93, 90, 96, 91, 93, 92, 98, 85, 87, 88, 91, 75, 78, 96, 88, 77, 96, 70, 95, 67, 72, 72, 71, 75, 74, 70, 71, 74]
tf/VGG19-MNIST/pruningstochastic/
pruning = ['30', '40', '50', '60', '70', '80', '90', '95', '96', '97', '98', '99', '96', '96', '96', '96', '96', '96', '96', '96', '96', '96', '96', '96', '96', '96', '96', '96', '96', '96', '96', '96', '96', '96', '96', '96', '96', '96', '96', '96', '96', '96', '96', '96']
clusters = ['[32, 32, 2]', '[32, 32, 2]', '[32, 32, 2]', '[32, 32, 2]', '[32, 32, 2]', '[32, 32, 2]', '[32, 32, 2]', '[32, 32, 2]', '[32, 32, 2]', '[32, 32, 2]', '[32, 32, 2]', '[32, 32, 2]', '[1024, 1024, 2]', '[1024, 1024, 32]', '[1024, 128, 2]', '[1024, 128, 32]', '[1024, 2, 2]', '[1024, 2, 32]', '[1024, 32, 2]', '[1024, 32, 32]', '[128, 1024, 2]', '[128, 1024, 32]', '[128, 128, 2]', '[128, 128, 32]', '[128, 2, 2]', '[128, 2, 32]', '[128, 32, 2]', '[128, 32, 32]', '[2, 1024, 2]', '[2, 1024, 32]', '[2, 128, 2]', '[2, 128, 32]', '[2, 2, 2]', '[2, 2, 32]', '[2, 32, 2]', '[2, 32, 32]', '[32, 1024, 2]', '[32, 1024, 32]', '[32, 128, 2]', '[32, 128, 32]', '[32, 2, 2]', '[32, 2, 32]', '[32, 32, 2]', '[32, 32, 32]']
unique = [[25, 25, 3], [22, 21, 3], [18, 19, 3], [16, 15, 3], [12, 13, 3], [9, 9, 3], [6, 7, 3], [4, 5, 3], [4, 4, 3], [4, 4, 3], [4, 4, 3], [4, 4, 3], [44, 44, 3], [44, 44, 4], [44, 8, 3], [44, 8, 4], [44, 3, 3], [44, 3, 4], [44, 4, 3], [44, 4, 4], [8, 44, 3], [8, 44, 4], [8, 8, 3], [8, 8, 4], [8, 3, 3], [8, 3, 4], [8, 4, 3], [8, 4, 4], [3, 44, 3], [3, 44, 4], [3, 8, 3], [3, 8, 4], [3, 3, 3], [3, 3, 4], [3, 4, 3], [3, 4, 4], [4, 44, 3], [4, 44, 4], [4, 8, 3], [4, 8, 4], [4, 3, 3], [4, 3, 4], [4, 4, 3], [4, 4, 4]]
diff_acc = [-0.0001, 0.0001, 0.0004, 0.0001, -0.0096, -0.0001, -0.0001, 0.0002, -0.0005, 0.0001, -0.0008, -0.4104, -0.0005, -0.0449, -0.1897, -0.0855, -0.1018, -0.0004, -0.027, -0.0006, -0.0002, -0.0, -0.0003, -0.0, -0.1148, -0.0009, -0.0004, -0.0004, -0.0001, 0.0001, -0.0003, -0.0, -0.0037, -0.0005, -0.0, -0.0005, -0.0006, 0.0001, -0.0004, 0.0002, -0.0012, -0.0018, -0.0005, -0.0002]
space = [0.548, 0.458, 0.374, 0.291, 0.211, 0.133, 0.062, 0.03, 0.024, 0.018, 0.012, 0.006, 0.034, 0.034, 0.027, 0.027, 0.024, 0.024, 0.025, 0.025, 0.033, 0.033, 0.026, 0.026, 0.023, 0.023, 0.024, 0.024, 0.033, 0.033, 0.026, 0.026, 0.023, 0.023, 0.023, 0.023, 0.033, 0.033, 0.026, 0.026, 0.023, 0.023, 0.024, 0.024]
time = [145, 103, 87, 90, 54, 39, 23, 10, 9, 10, 5, 3, 12, 10, 11, 11, 11, 10, 11, 9, 11, 10, 11, 11, 11, 10, 10, 10, 11, 12, 12, 11, 12, 11, 11, 12, 12, 11, 11, 11, 12, 11, 12, 11]