tf/DeepDTA/DAVIS/pruningweightsharing/
pruning = ['30', '40', '50', '60', '70', '80', '80', '80', '80', '80', '80', '80', '80', '80', '80', '80', '80', '80', '80', '80', '80', '80', '80', '80', '80', '80', '80', '80', '80', '80', '80', '80', '80', '80', '80', '80', '80', '80', '80', '80', '80', '80', '80', '80', '80', '80', '80', '80', '80', '80', '80', '80', '80', '80', '80', '80', '80', '80', '80', '90', '95', '96', '97', '98', '99']
clusters = ['[128, 2, 128, 2]', '[128, 2, 128, 2]', '[128, 2, 128, 2]', '[128, 2, 128, 2]', '[128, 2, 128, 2]', '[128, 128, 128, 2]', '[128, 128, 128, 32]', '[128, 128, 2, 2]', '[128, 128, 2, 32]', '[128, 128, 32, 2]', '[128, 128, 32, 32]', '[128, 2, 128, 2]', '[128, 2, 128, 32]', '[128, 2, 2, 2]', '[128, 2, 2, 32]', '[128, 2, 32, 2]', '[128, 2, 32, 32]', '[128, 32, 128, 2]', '[128, 32, 128, 32]', '[128, 32, 2, 2]', '[128, 32, 2, 32]', '[128, 32, 32, 2]', '[128, 32, 32, 32]', '[2, 128, 128, 2]', '[2, 128, 128, 32]', '[2, 128, 2, 2]', '[2, 128, 2, 32]', '[2, 128, 32, 2]', '[2, 128, 32, 32]', '[2, 2, 128, 2]', '[2, 2, 128, 32]', '[2, 2, 2, 2]', '[2, 2, 2, 32]', '[2, 2, 32, 2]', '[2, 2, 32, 32]', '[2, 32, 128, 2]', '[2, 32, 128, 32]', '[2, 32, 2, 2]', '[2, 32, 2, 32]', '[2, 32, 32, 2]', '[2, 32, 32, 32]', '[32, 128, 128, 2]', '[32, 128, 128, 32]', '[32, 128, 2, 2]', '[32, 128, 2, 32]', '[32, 128, 32, 2]', '[32, 128, 32, 32]', '[32, 2, 128, 2]', '[32, 2, 128, 32]', '[32, 2, 2, 2]', '[32, 2, 2, 32]', '[32, 2, 32, 2]', '[32, 2, 32, 32]', '[32, 32, 128, 2]', '[32, 32, 128, 32]', '[32, 32, 2, 2]', '[32, 32, 2, 32]', '[32, 32, 32, 2]', '[32, 32, 32, 32]', '[128, 2, 128, 2]', '[128, 2, 128, 2]', '[128, 2, 128, 2]', '[128, 2, 128, 2]', '[128, 2, 128, 2]', '[128, 2, 128, 2]']
unique = [[128, 3, 128, 3], [128, 3, 128, 3], [128, 3, 128, 3], [128, 3, 128, 3], [46, 3, 40, 3], [33, 30, 24, 3], [33, 30, 24, 11], [33, 30, 3, 3], [33, 30, 3, 11], [33, 30, 16, 3], [33, 30, 16, 11], [33, 3, 24, 3], [33, 3, 24, 11], [33, 3, 3, 3], [33, 3, 3, 11], [33, 3, 16, 3], [33, 3, 16, 11], [33, 14, 24, 3], [33, 14, 24, 11], [33, 14, 3, 3], [33, 14, 3, 11], [33, 14, 16, 3], [33, 14, 16, 11], [3, 30, 24, 3], [3, 30, 24, 11], [3, 30, 3, 3], [3, 30, 3, 11], [3, 30, 16, 3], [3, 30, 16, 11], [3, 3, 24, 3], [3, 3, 24, 11], [3, 3, 3, 3], [3, 3, 3, 11], [3, 3, 16, 3], [3, 3, 16, 11], [3, 14, 24, 3], [3, 14, 24, 11], [3, 14, 3, 3], [3, 14, 3, 11], [3, 14, 16, 3], [3, 14, 16, 11], [19, 30, 24, 3], [19, 30, 24, 11], [19, 30, 3, 3], [19, 30, 3, 11], [19, 30, 16, 3], [19, 30, 16, 11], [19, 3, 24, 3], [19, 3, 24, 11], [19, 3, 3, 3], [19, 3, 3, 11], [19, 3, 16, 3], [19, 3, 16, 11], [19, 14, 24, 3], [19, 14, 24, 11], [19, 14, 3, 3], [19, 14, 3, 11], [19, 14, 16, 3], [19, 14, 16, 11], [14, 3, 12, 3], [6, 3, 6, 3], [4, 3, 5, 3], [4, 3, 5, 3], [4, 3, 4, 3], [3, 3, 4, 3]]
diff_acc = [-0.03748, -0.03969, -0.01447, -0.0317, 0.01984, 0.02302, -0.08626, 0.01586, -0.08544, 0.17972, -0.08155, 0.00683, -0.06373, 0.00826, -0.05212, 0.00819, -0.04366, 0.13324, -0.08295, 0.06829, -0.08431, 0.0358, -0.07958, 0.47926, 0.48021, 0.47923, 0.47925, 0.47928, 0.48012, 0.47926, 0.48021, 0.47984, 0.47925, 0.47928, 0.48012, 0.47926, 0.48021, 0.47923, 0.47925, 0.47928, 0.48012, 0.01078, -0.08741, 0.18285, -0.08817, 0.10226, -0.08434, 0.47926, -0.08326, 0.00687, -0.08556, 0.47927, -0.08744, 0.14337, -0.08532, 0.02212, -0.0876, 0.074, -0.08247, 0.47979, 0.47931, 0.47936, 0.47932, 0.47926, 0.47924]
space = [0.481, 0.413, 0.344, 0.275, 0.193, 0.15, 0.15, 0.138, 0.138, 0.148, 0.148, 0.125, 0.125, 0.113, 0.113, 0.123, 0.123, 0.144, 0.144, 0.132, 0.132, 0.142, 0.142, 0.145, 0.145, 0.133, 0.133, 0.143, 0.143, 0.12, 0.12, 0.108, 0.108, 0.118, 0.118, 0.139, 0.139, 0.127, 0.127, 0.137, 0.137, 0.149, 0.149, 0.137, 0.137, 0.147, 0.147, 0.124, 0.124, 0.112, 0.112, 0.122, 0.122, 0.143, 0.143, 0.131, 0.131, 0.141, 0.141, 0.06, 0.029, 0.023, 0.017, 0.012, 0.006]
time = [59, 45, 51, 33, 31, 19, 16, 20, 17, 20, 18, 20, 17, 19, 19, 18, 16, 20, 16, 19, 18, 19, 18, 21, 17, 18, 19, 17, 20, 21, 19, 14, 20, 20, 19, 21, 20, 17, 19, 21, 21, 20, 18, 20, 18, 19, 20, 20, 19, 18, 17, 16, 19, 16, 21, 17, 17, 19, 20, 9, 6, 4, 4, 4, 3]
tf/DeepDTA/KIBA/pruningweightsharing/
pruning = ['30', '40', '50', '60', '60', '60', '60', '60', '60', '60', '60', '60', '60', '60', '60', '60', '60', '60', '60', '60', '60', '60', '60', '60', '60', '60', '60', '60', '60', '60', '60', '60', '60', '60', '60', '60', '60', '60', '60', '60', '60', '60', '60', '60', '60', '60', '60', '60', '60', '60', '60', '60', '60', '60', '60', '60', '60', '70', '80', '90', '95', '96', '97', '98', '99']
clusters = ['[128, 128, 32, 2]', '[128, 128, 32, 2]', '[128, 128, 32, 2]', '[128, 128, 128, 2]', '[128, 128, 128, 32]', '[128, 128, 2, 2]', '[128, 128, 2, 32]', '[128, 128, 32, 2]', '[128, 128, 32, 32]', '[128, 2, 128, 2]', '[128, 2, 128, 32]', '[128, 2, 2, 2]', '[128, 2, 2, 32]', '[128, 2, 32, 2]', '[128, 2, 32, 32]', '[128, 32, 128, 2]', '[128, 32, 128, 32]', '[128, 32, 2, 2]', '[128, 32, 2, 32]', '[128, 32, 32, 2]', '[128, 32, 32, 32]', '[2, 128, 128, 2]', '[2, 128, 128, 32]', '[2, 128, 2, 2]', '[2, 128, 2, 32]', '[2, 128, 32, 2]', '[2, 128, 32, 32]', '[2, 2, 128, 2]', '[2, 2, 128, 32]', '[2, 2, 2, 2]', '[2, 2, 2, 32]', '[2, 2, 32, 2]', '[2, 2, 32, 32]', '[2, 32, 128, 2]', '[2, 32, 128, 32]', '[2, 32, 2, 2]', '[2, 32, 2, 32]', '[2, 32, 32, 2]', '[2, 32, 32, 32]', '[32, 128, 128, 2]', '[32, 128, 128, 32]', '[32, 128, 2, 2]', '[32, 128, 2, 32]', '[32, 128, 32, 2]', '[32, 128, 32, 32]', '[32, 2, 128, 2]', '[32, 2, 128, 32]', '[32, 2, 2, 2]', '[32, 2, 2, 32]', '[32, 2, 32, 2]', '[32, 2, 32, 32]', '[32, 32, 128, 2]', '[32, 32, 128, 32]', '[32, 32, 2, 2]', '[32, 32, 2, 32]', '[32, 32, 32, 2]', '[32, 32, 32, 32]', '[128, 128, 32, 2]', '[128, 128, 32, 2]', '[128, 128, 32, 2]', '[128, 128, 32, 2]', '[128, 128, 32, 2]', '[128, 128, 32, 2]', '[128, 128, 32, 2]', '[128, 128, 32, 2]']
unique = [[128, 128, 32, 3], [128, 128, 32, 3], [128, 128, 32, 3], [128, 128, 128, 3], [128, 128, 128, 32], [128, 128, 3, 3], [128, 128, 3, 32], [128, 128, 32, 3], [128, 128, 32, 32], [128, 3, 128, 3], [128, 3, 128, 32], [128, 3, 3, 3], [128, 3, 3, 32], [128, 3, 32, 3], [128, 3, 32, 32], [128, 32, 128, 3], [128, 32, 128, 32], [128, 32, 3, 3], [128, 32, 3, 32], [128, 32, 32, 3], [128, 32, 32, 32], [3, 128, 128, 3], [3, 128, 128, 32], [3, 128, 3, 3], [3, 128, 3, 32], [3, 128, 32, 3], [3, 128, 32, 32], [3, 3, 128, 3], [3, 3, 128, 32], [3, 3, 3, 3], [3, 3, 3, 32], [3, 3, 32, 3], [3, 3, 32, 32], [3, 32, 128, 3], [3, 32, 128, 32], [3, 32, 3, 3], [3, 32, 3, 32], [3, 32, 32, 3], [3, 32, 32, 32], [32, 128, 128, 3], [32, 128, 128, 32], [32, 128, 3, 3], [32, 128, 3, 32], [32, 128, 32, 3], [32, 128, 32, 32], [32, 3, 128, 3], [32, 3, 128, 32], [32, 3, 3, 3], [32, 3, 3, 32], [32, 3, 32, 3], [32, 3, 32, 32], [32, 32, 128, 3], [32, 32, 128, 32], [32, 32, 3, 3], [32, 32, 3, 32], [32, 32, 32, 3], [32, 32, 32, 32], [39, 37, 27, 3], [30, 25, 17, 3], [17, 15, 8, 3], [12, 8, 4, 3], [10, 8, 3, 3], [6, 7, 3, 3], [5, 5, 3, 3], [3, 3, 3, 3]]
diff_acc = [-0.01118, 0.07649, 0.08368, -0.00036, -0.00069, 0.00687, -0.00814, -0.00433, -0.00143, -0.00051, 0.09748, 0.00421, 0.00411, 0.00065, 0.03611, -0.00226, -0.0013, 0.00364, -0.00816, -0.00072, 0.00111, 0.14664, 0.119, 0.01405, 0.15274, 0.14024, 0.14945, 0.11762, 0.14001, 0.01459, 0.11189, 0.10022, 0.16344, 0.1248, 0.13089, 0.00915, 0.13367, 0.13565, 0.1338, -0.00328, -0.00144, 0.00172, -0.00893, -0.00195, 0.00101, 3e-05, 0.10083, 0.00446, 0.0053, -0.00167, 0.04466, -0.00363, -0.00036, 0.00354, -0.00694, -0.0004, 0.0005, 1.26253, 0.16304, 0.11963, 0.50408, 0.50408, 0.50408, 0.50408, 0.50408]
space = [0.605, 0.521, 0.435, 0.365, 0.365, 0.32, 0.32, 0.349, 0.349, 0.277, 0.277, 0.232, 0.232, 0.261, 0.261, 0.334, 0.334, 0.289, 0.289, 0.318, 0.318, 0.347, 0.347, 0.302, 0.303, 0.331, 0.331, 0.259, 0.259, 0.214, 0.215, 0.243, 0.243, 0.316, 0.316, 0.271, 0.272, 0.3, 0.3, 0.358, 0.358, 0.313, 0.314, 0.342, 0.342, 0.27, 0.27, 0.225, 0.226, 0.254, 0.254, 0.327, 0.327, 0.282, 0.282, 0.311, 0.311, 0.233, 0.148, 0.07, 0.032, 0.025, 0.018, 0.012, 0.006]
time = [69, 54, 53, 41, 48, 38, 48, 50, 41, 42, 50, 41, 42, 39, 49, 52, 44, 46, 39, 47, 51, 41, 51, 39, 51, 44, 41, 41, 45, 41, 41, 41, 52, 47, 38, 45, 41, 42, 49, 43, 42, 37, 43, 42, 54, 45, 55, 41, 52, 45, 53, 52, 44, 46, 39, 45, 41, 42, 29, 13, 8, 7, 5, 5, 3]
